%  columns="iteration, evaluation, sigma, axis ratio, bestever, best, median, worst fitness function value, further objective values of best" (startseed=215650, 2026/04/11 20:36:59.51)
1 18 2.888937e+00 1.000000e+00  7.872437825374918248e+02  8.657483112619997883e+02  8.892487783364600773e+02  9.169061303014997293e+02
2 35 2.796352e+00 1.012926e+00  7.872437825374918248e+02  8.783952495369421740e+02  9.047664841925698056e+02  9.283153800420694779e+02
3 52 2.720262e+00 1.013622e+00  7.872437825374918248e+02  8.744254099137320964e+02  8.941708238163405440e+02  9.281667120626573251e+02
4 69 2.657616e+00 1.015669e+00  7.872437825374918248e+02  8.683784710331656242e+02  9.085670998509476703e+02  9.435585360822537950e+02
5 86 2.596759e+00 1.017384e+00  7.872437825374918248e+02  8.621560306822426583e+02  9.000303871438277383e+02  9.367181189857878962e+02
6 103 2.544076e+00 1.017384e+00  7.872437825374918248e+02  8.705891386059038268e+02  8.975840403105872838e+02  9.297897590579920006e+02
7 120 2.499531e+00 1.022428e+00  7.872437825374918248e+02  8.692258731938020446e+02  8.892486865957923783e+02  9.393835347606479900e+02
8 137 2.458461e+00 1.025628e+00  7.872437825374918248e+02  8.626466950383968424e+02  8.887275471322234353e+02  9.107682540628451306e+02
9 154 2.420565e+00 1.028441e+00  7.872437825374918248e+02  8.579001258632872577e+02  8.951102968623582683e+02  9.349450200583705737e+02
10 171 2.375611e+00 1.031248e+00  7.872437825374918248e+02  8.640978860646330304e+02  8.932031335467797817e+02  9.354976245180730530e+02
11 188 2.326954e+00 1.032893e+00  7.872437825374918248e+02  8.604280532917858864e+02  8.878015742479034316e+02  9.288089263583538013e+02
12 205 2.284690e+00 1.032893e+00  7.872437825374918248e+02  8.692818244464074269e+02  8.852914989478256302e+02  9.181784688773036578e+02
13 222 2.242455e+00 1.036360e+00  7.872437825374918248e+02  8.647786429529754741e+02  8.829072496674718877e+02  9.209631999532866757e+02
14 239 2.204836e+00 1.037697e+00  7.872437825374918248e+02  8.469637699410313871e+02  8.713613657478547339e+02  8.983576072803566603e+02
15 256 2.178760e+00 1.039555e+00  7.872437825374918248e+02  8.362461113172587375e+02  8.689412560674504675e+02  8.794161911074518230e+02
16 273 2.158840e+00 1.042583e+00  7.872437825374918248e+02  8.481413432154679413e+02  8.730891285989873722e+02  8.963454844647794744e+02
17 290 2.141365e+00 1.045626e+00  7.872437825374918248e+02  8.541942068554292291e+02  8.766556800877765454e+02  8.922483399623548621e+02
18 307 2.125883e+00 1.045626e+00  7.872437825374918248e+02  8.467638267600354993e+02  8.648030991891132544e+02  8.943615993113639888e+02
19 324 2.111368e+00 1.052924e+00  7.872437825374918248e+02  8.409709365403311949e+02  8.688247248130254548e+02  8.793370767401337389e+02
20 341 2.089013e+00 1.056357e+00  7.872437825374918248e+02  8.520801189453692359e+02  8.638737598224670364e+02  8.857432517480186789e+02
21 358 2.068132e+00 1.059948e+00  7.872437825374918248e+02  8.370977853324245643e+02  8.686109170766267198e+02  8.865743876932756393e+02
22 375 2.049869e+00 1.063876e+00  7.872437825374918248e+02  8.485589430913232718e+02  8.719632414064966497e+02  8.964972945250760858e+02
23 392 2.028901e+00 1.067308e+00  7.872437825374918248e+02  8.324281640455996012e+02  8.611019128012229658e+02  8.939358790529410044e+02
24 409 2.006939e+00 1.067308e+00  7.872437825374918248e+02  8.386661276788763644e+02  8.583219839872225521e+02  8.739021561485299117e+02
25 426 1.979684e+00 1.073410e+00  7.872437825374918248e+02  8.331469589428704694e+02  8.532612661473624485e+02  8.753735690771879945e+02
26 443 1.953479e+00 1.075854e+00  7.872437825374918248e+02  8.324527515034433236e+02  8.483827457344649474e+02  8.638972930244417512e+02
27 460 1.924337e+00 1.078257e+00  7.872437825374918248e+02  8.313876366509600757e+02  8.563568781046635650e+02  8.782824200713679375e+02
28 477 1.896782e+00 1.080697e+00  7.872437825374918248e+02  8.293125620991952474e+02  8.513623587623785625e+02  8.758306801056983204e+02
29 494 1.865614e+00 1.080697e+00  7.872437825374918248e+02  8.383666793132463226e+02  8.524071514634284767e+02  8.843861086803168519e+02
30 511 1.834125e+00 1.085505e+00  7.872437825374918248e+02  8.320815679121042194e+02  8.530674624112841684e+02  8.670388114780081423e+02
31 528 1.810705e+00 1.087706e+00  7.872437825374918248e+02  8.319350969861983458e+02  8.511401185313401356e+02  8.634161695556924769e+02
32 545 1.780770e+00 1.089731e+00  7.872437825374918248e+02  8.321668346339345135e+02  8.455914472621207096e+02  8.687607060776824710e+02
33 562 1.753022e+00 1.091237e+00  7.872437825374918248e+02  8.331426469955107450e+02  8.502067789654472563e+02  8.712764348475345741e+02
34 579 1.727181e+00 1.092241e+00  7.872437825374918248e+02  8.272368577215087271e+02  8.447344033926301563e+02  8.604245863406214312e+02
35 596 1.707365e+00 1.092241e+00  7.872437825374918248e+02  8.343420892114818344e+02  8.454857416438646851e+02  8.846933146444165459e+02
36 613 1.694563e+00 1.094041e+00  7.872437825374918248e+02  8.374704210097615942e+02  8.512857453887835391e+02  8.677404843964632164e+02
37 630 1.682254e+00 1.095047e+00  7.872437825374918248e+02  8.398042532631143331e+02  8.566830282091858635e+02  8.720286025450909619e+02
38 647 1.666552e+00 1.096179e+00  7.872437825374918248e+02  8.348670306396570595e+02  8.472828829661680174e+02  8.689483857844426211e+02
39 664 1.654968e+00 1.097264e+00  7.872437825374918248e+02  8.266271384986749808e+02  8.458539416670200808e+02  8.598845176624206488e+02
40 681 1.641855e+00 1.098210e+00  7.872437825374918248e+02  8.290744770003320809e+02  8.368696682162742491e+02  8.564432540249081285e+02
41 698 1.630924e+00 1.098210e+00  7.872437825374918248e+02  8.233733105624509108e+02  8.448846346396410354e+02  8.689620350180689456e+02
42 715 1.619901e+00 1.100916e+00  7.872437825374918248e+02  8.210162476787502328e+02  8.425346748681998861e+02  8.759841103600538190e+02
43 732 1.607690e+00 1.102056e+00  7.872437825374918248e+02  8.201474235493146807e+02  8.351775855360017431e+02  8.566245026660328676e+02
44 749 1.593946e+00 1.103124e+00  7.872437825374918248e+02  8.269849526316104402e+02  8.410502324863832655e+02  8.492754178324778422e+02
45 766 1.578323e+00 1.104825e+00  7.872437825374918248e+02  8.244577131499638654e+02  8.436453740008345221e+02  8.577460102357395044e+02
46 783 1.550259e+00 1.106170e+00  7.872437825374918248e+02  8.203453449779631228e+02  8.367596514975805349e+02  8.597164902192255340e+02
47 800 1.518367e+00 1.106170e+00  7.872437825374918248e+02  8.231115244117384009e+02  8.388631430141999772e+02  8.489802075026608463e+02
48 817 1.484008e+00 1.109156e+00  7.872437825374918248e+02  8.161393131703022163e+02  8.342184888534288802e+02  8.448620324635462566e+02
49 834 1.454415e+00 1.110430e+00  7.872437825374918248e+02  8.208564817309238606e+02  8.348879684707353590e+02  8.481928916727376873e+02
50 851 1.428419e+00 1.110656e+00  7.872437825374918248e+02  8.226114738362720118e+02  8.301266489349152380e+02  8.415428106212007151e+02
51 868 1.403673e+00 1.111119e+00  7.872437825374918248e+02  8.190284266506813537e+02  8.314181143384553252e+02  8.501698369589628328e+02
52 885 1.376714e+00 1.111710e+00  7.872437825374918248e+02  8.176697833300050888e+02  8.303794130048879651e+02  8.537232903034432638e+02
53 902 1.352685e+00 1.111710e+00  7.872437825374918248e+02  8.161040002753736644e+02  8.286507395139649361e+02  8.442339593505028006e+02
54 919 1.332881e+00 1.113325e+00  7.872437825374918248e+02  8.130797961205626052e+02  8.267655004327189090e+02  8.441368244560827634e+02
55 936 1.310892e+00 1.114447e+00  7.872437825374918248e+02  8.108966185843627272e+02  8.211088282433529457e+02  8.362321096213918281e+02
56 953 1.288298e+00 1.115442e+00  7.872437825374918248e+02  8.171866460441738127e+02  8.217667574620610367e+02  8.400006708557292541e+02
57 970 1.264828e+00 1.116328e+00  7.872437825374918248e+02  8.114635350107928389e+02  8.226188615634023336e+02  8.488946466961679107e+02
58 987 1.239458e+00 1.116328e+00  7.872437825374918248e+02  8.141747294785250233e+02  8.202950808082707681e+02  8.299541279228335497e+02
59 1004 1.215742e+00 1.118040e+00  7.872437825374918248e+02  8.137990995589784688e+02  8.220975483472437872e+02  8.331773879113694647e+02
60 1021 1.191504e+00 1.118178e+00  7.872437825374918248e+02  8.142710994967233091e+02  8.222438574672664799e+02  8.414381569593610948e+02
61 1038 1.171002e+00 1.119244e+00  7.872437825374918248e+02  8.134585828747561891e+02  8.223123307492760432e+02  8.329364543112249066e+02
62 1055 1.151796e+00 1.119619e+00  7.872437825374918248e+02  8.155207194831011748e+02  8.232740430189689960e+02  8.342277493251865508e+02
63 1072 1.135427e+00 1.119724e+00  7.872437825374918248e+02  8.132494764202982651e+02  8.240244907546039030e+02  8.339884029165244783e+02
64 1089 1.121405e+00 1.119724e+00  7.872437825374918248e+02  8.149092309644149736e+02  8.205045472518348788e+02  8.345621905830976175e+02
65 1106 1.109675e+00 1.120413e+00  7.872437825374918248e+02  8.120200783815768091e+02  8.202223048755962509e+02  8.324387131674850480e+02
66 1123 1.098702e+00 1.120722e+00  7.872437825374918248e+02  8.135273603021710187e+02  8.203825590442509110e+02  8.253812568866667334e+02
67 1140 1.091591e+00 1.120556e+00  7.872437825374918248e+02  8.126877560341773687e+02  8.223096459515340939e+02  8.345088541761922443e+02
68 1157 1.087895e+00 1.121304e+00  7.872437825374918248e+02  8.139885608014548097e+02  8.178791998285350928e+02  8.330876010026336189e+02
69 1174 1.079284e+00 1.121359e+00  7.872437825374918248e+02  8.107856726307176132e+02  8.175927254691799817e+02  8.310355738431476311e+02
70 1191 1.069618e+00 1.121359e+00  7.872437825374918248e+02  8.110134290919983187e+02  8.181584134164349962e+02  8.331644262403386847e+02
71 1208 1.057266e+00 1.123259e+00  7.872437825374918248e+02  8.104829382041170902e+02  8.170894955702493689e+02  8.375539953289171535e+02
72 1225 1.047419e+00 1.124359e+00  7.872437825374918248e+02  8.117414301487552848e+02  8.167795434274904665e+02  8.358892289857622018e+02
73 1242 1.038874e+00 1.125770e+00  7.872437825374918248e+02  8.096352560705636279e+02  8.172321692498040875e+02  8.291432047381498478e+02
74 1259 1.029591e+00 1.126547e+00  7.872437825374918248e+02  8.101605364172039572e+02  8.168623034000576126e+02  8.287552996358717792e+02
75 1276 1.024076e+00 1.127397e+00  7.872437825374918248e+02  8.108981457282499150e+02  8.183566052194751137e+02  8.277771699579241158e+02
76 1293 1.017304e+00 1.127397e+00  7.872437825374918248e+02  8.134881937603913684e+02  8.176905133982292000e+02  8.326906244337732232e+02
77 1310 1.009442e+00 1.130615e+00  7.872437825374918248e+02  8.117746575360652059e+02  8.154202407538410853e+02  8.266313054922910624e+02
78 1327 1.004178e+00 1.133713e+00  7.872437825374918248e+02  8.089970988703009880e+02  8.155078618754582749e+02  8.224086036183582564e+02
79 1344 9.990716e-01 1.135938e+00  7.872437825374918248e+02  8.076107319417786812e+02  8.150241659174391771e+02  8.342367389785797513e+02
80 1361 9.922250e-01 1.138412e+00  7.872437825374918248e+02  8.075568716599730124e+02  8.134942118214189577e+02  8.273479759164997631e+02
81 1378 9.844832e-01 1.141581e+00  7.872437825374918248e+02  8.065416498702857098e+02  8.151806470322520681e+02  8.237530841344359942e+02
82 1395 9.748204e-01 1.141581e+00  7.872437825374918248e+02  8.072969254649223103e+02  8.150417724886932547e+02  8.224420097687295765e+02
83 1412 9.651509e-01 1.147134e+00  7.872437825374918248e+02  8.075307645955200542e+02  8.138286275432458297e+02  8.234727231037551292e+02
84 1429 9.563417e-01 1.149524e+00  7.872437825374918248e+02  8.042511788177499739e+02  8.129538172552764763e+02  8.226782416333388710e+02
85 1446 9.451596e-01 1.151626e+00  7.872437825374918248e+02  8.068680061080681298e+02  8.127210109670486418e+02  8.189557233245516272e+02
86 1463 9.335190e-01 1.153579e+00  7.872437825374918248e+02  8.060947798170974465e+02  8.106538587560470432e+02  8.232970317474191688e+02
87 1480 9.211409e-01 1.153579e+00  7.872437825374918248e+02  8.062804808660771414e+02  8.135982041104335849e+02  8.191201109210087452e+02
88 1497 9.106879e-01 1.157382e+00  7.872437825374918248e+02  8.061200299347580085e+02  8.111358837989467929e+02  8.197024874936889773e+02
89 1514 9.007605e-01 1.159440e+00  7.872437825374918248e+02  8.050177541808601518e+02  8.092393476497895790e+02  8.192843248075161000e+02
90 1531 8.876394e-01 1.161034e+00  7.872437825374918248e+02  8.048667217322173428e+02  8.111885229352412807e+02  8.193603225785354880e+02
91 1548 8.755420e-01 1.162592e+00  7.872437825374918248e+02  8.051319063260918938e+02  8.103075021399752131e+02  8.142599929185747669e+02
92 1565 8.675778e-01 1.164095e+00  7.872437825374918248e+02  8.048042433411866341e+02  8.089958343646463845e+02  8.195592505801889729e+02
93 1582 8.598965e-01 1.164095e+00  7.872437825374918248e+02  8.041716044150256266e+02  8.072824313558728591e+02  8.170346720119181327e+02
94 1599 8.513754e-01 1.166904e+00  7.872437825374918248e+02  8.058368073687483957e+02  8.098113393504261239e+02  8.200427803383151968e+02
95 1616 8.408237e-01 1.168082e+00  7.872437825374918248e+02  8.051499633603200436e+02  8.089983440817059090e+02  8.125515162977769705e+02
96 1633 8.313097e-01 1.169032e+00  7.872437825374918248e+02  8.044312383899357428e+02  8.096224925328777999e+02  8.156008291214885730e+02
97 1650 8.228007e-01 1.170707e+00  7.872437825374918248e+02  8.030507945172846576e+02  8.083485344623956053e+02  8.167752168128998846e+02
98 1667 8.146019e-01 1.171127e+00  7.872437825374918248e+02  8.048474295919824044e+02  8.081355467340349605e+02  8.131842975982306143e+02
99 1684 8.086546e-01 1.171127e+00  7.872437825374918248e+02  8.023516157200733687e+02  8.077109480882470507e+02  8.128433608015616301e+02
100 1701 8.031532e-01 1.172676e+00  7.872437825374918248e+02  8.047591179011714075e+02  8.082271820655419106e+02  8.118344455614078470e+02
101 1718 7.984596e-01 1.173555e+00  7.872437825374918248e+02  8.038875193043878653e+02  8.087638720940730082e+02  8.135164290812692798e+02
102 1735 7.930408e-01 1.174557e+00  7.872437825374918248e+02  8.037153799448490190e+02  8.059680906793812483e+02  8.142772110543768349e+02
103 1752 7.872112e-01 1.175198e+00  7.872437825374918248e+02  8.022280733304253317e+02  8.068376522855072608e+02  8.100172944909625130e+02
104 1769 7.827193e-01 1.176149e+00  7.872437825374918248e+02  8.033000827298582180e+02  8.063233071253647495e+02  8.148874165649328916e+02
105 1786 7.782148e-01 1.176149e+00  7.872437825374918248e+02  8.040677769091792015e+02  8.088760355194106069e+02  8.275958244205401115e+02
106 1803 7.740798e-01 1.178229e+00  7.872437825374918248e+02  8.026151026809286577e+02  8.069619248417785684e+02  8.104254528701949312e+02
107 1820 7.674040e-01 1.178783e+00  7.872437825374918248e+02  8.025323845115384529e+02  8.080044415981352586e+02  8.174405600385152866e+02
108 1837 7.603378e-01 1.179303e+00  7.872437825374918248e+02  8.027282303135024222e+02  8.088030592795803386e+02  8.149506075675016064e+02
109 1854 7.531186e-01 1.180017e+00  7.872437825374918248e+02  8.014432323353239553e+02  8.064499871710788739e+02  8.156737048776628853e+02
110 1871 7.454783e-01 1.180779e+00  7.872437825374918248e+02  8.017488376120977591e+02  8.049442743628763992e+02  8.120361988792791408e+02
111 1888 7.393603e-01 1.180779e+00  7.872437825374918248e+02  8.007754618813613661e+02  8.043939082828204619e+02  8.100316458299955684e+02
112 1905 7.314619e-01 1.182324e+00  7.872437825374918248e+02  8.020920317060803200e+02  8.058309395798245305e+02  8.134623791235845829e+02
113 1922 7.234282e-01 1.183475e+00  7.872437825374918248e+02  8.013496254962921057e+02  8.052992960200161860e+02  8.080508252568915850e+02
114 1939 7.170604e-01 1.184111e+00  7.872437825374918248e+02  8.009097683517964015e+02  8.049289461868107765e+02  8.132544784422935891e+02
115 1956 7.097916e-01 1.184691e+00  7.872437825374918248e+02  7.993032816181238331e+02  8.040074154282480094e+02  8.094123842485671503e+02
116 1973 7.038949e-01 1.184691e+00  7.872437825374918248e+02  7.992045776846765648e+02  8.037562117177025129e+02  8.110293548745783028e+02
117 1990 6.963622e-01 1.185644e+00  7.872437825374918248e+02  8.006268623504706738e+02  8.042340573769533876e+02  8.106418685969231319e+02
118 2007 6.878582e-01 1.186439e+00  7.872437825374918248e+02  7.996332066486946815e+02  8.025558436220286467e+02  8.066933000493193049e+02
119 2024 6.813855e-01 1.187046e+00  7.872437825374918248e+02  7.996360176615570481e+02  8.020885915428743829e+02  8.078631850391846001e+02
120 2041 6.739982e-01 1.187380e+00  7.872437825374918248e+02  8.000828909317066291e+02  8.026340289417572649e+02  8.109748914743997830e+02
121 2058 6.670515e-01 1.188427e+00  7.872437825374918248e+02  7.987240423692635432e+02  8.054652913772575857e+02  8.109314815723330412e+02
123 2092 6.525485e-01 1.189564e+00  7.872437825374918248e+02  7.992140244182444349e+02  8.025356150376536561e+02  8.059698855682554495e+02
126 2143 6.340303e-01 1.192993e+00  7.872437825374918248e+02  7.983442836712173403e+02  8.020862726404063778e+02  8.062851686188528220e+02
130 2211 6.097222e-01 1.197625e+00  7.872437825374918248e+02  7.988152203950028252e+02  8.016148170839742306e+02  8.039751803640484695e+02
135 2296 5.771271e-01 1.203643e+00  7.872437825374918248e+02  7.966922034732594966e+02  8.001014193818242575e+02  8.096132772595574352e+02
141 2398 5.441410e-01 1.208505e+00  7.872437825374918248e+02  7.985458533431281012e+02  8.001243463935992395e+02  8.016929826467917337e+02
148 2517 5.126779e-01 1.214011e+00  7.872437825374918248e+02  7.971921693250371845e+02  8.009008952842344797e+02  8.065343531465455271e+02
156 2653 4.976029e-01 1.233584e+00  7.872437825374918248e+02  7.943788693999429142e+02  7.978827861282613867e+02  8.016591204156662798e+02
165 2806 4.629194e-01 1.252542e+00  7.872437825374918248e+02  7.944808438324531608e+02  7.975638112750897335e+02  7.995165569725381829e+02
175 2976 4.303449e-01 1.270727e+00  7.872437825374918248e+02  7.948572342152178862e+02  7.965630352668841851e+02  8.018313292377868038e+02
186 3163 4.167414e-01 1.288593e+00  7.872437825374918248e+02  7.936114983813613435e+02  7.950678672950147075e+02  7.987113493777039821e+02
198 3367 3.928115e-01 1.320823e+00  7.872437825374918248e+02  7.931345298030430513e+02  7.948038384414797974e+02  7.974514684935716105e+02
211 3588 3.480856e-01 1.349859e+00  7.872437825374918248e+02  7.928050059245430248e+02  7.936339882719050820e+02  7.961065392095026709e+02
225 3826 3.214492e-01 1.371955e+00  7.872437825374918248e+02  7.910947241870763946e+02  7.918901283425054771e+02  7.931504345814560111e+02
239 4064 2.939965e-01 1.385502e+00  7.872437825374918248e+02  7.916629895974398323e+02  7.921649429580338619e+02  7.937931963711042727e+02
253 4302 2.579504e-01 1.392628e+00  7.872437825374918248e+02  7.902865974208530133e+02  7.912171442475369076e+02  7.925545391851869681e+02
267 4540 2.530170e-01 1.401751e+00  7.872437825374918248e+02  7.907140674331214996e+02  7.913630116146906630e+02  7.946082369147509326e+02
281 4778 2.325334e-01 1.413624e+00  7.872437825374918248e+02  7.903110718500911389e+02  7.910126117449236745e+02  7.923456898623435336e+02
295 5016 2.228577e-01 1.425020e+00  7.872437825374918248e+02  7.901168701065347477e+02  7.909331998054610722e+02  7.923022044090250802e+02
309 5254 2.108121e-01 1.429505e+00  7.872437825374918248e+02  7.898217955698246442e+02  7.905747463715312051e+02  7.913395057659591885e+02
323 5492 2.130966e-01 1.434252e+00  7.872437825374918248e+02  7.898118096371947559e+02  7.905744564241905437e+02  7.919746525134756894e+02
337 5730 2.055898e-01 1.434939e+00  7.872437825374918248e+02  7.897605562626670235e+02  7.903811717667595076e+02  7.928888023217422187e+02
351 5968 1.868535e-01 1.435173e+00  7.872437825374918248e+02  7.894081707404130839e+02  7.897734400383626507e+02  7.905140154435486011e+02
365 6206 1.653599e-01 1.437160e+00  7.872437825374918248e+02  7.890105201203483603e+02  7.895295763807316689e+02  7.901423595718722481e+02
379 6444 1.563166e-01 1.440719e+00  7.872437825374918248e+02  7.889446186259963270e+02  7.891830461161910080e+02  7.903688109555058645e+02
393 6682 1.488882e-01 1.442094e+00  7.872437825374918248e+02  7.887904155582845078e+02  7.893180007776306866e+02  7.899001362325932405e+02
407 6920 1.416397e-01 1.452164e+00  7.872437825374918248e+02  7.884449088898311402e+02  7.890498593010862578e+02  7.899809618182702025e+02
421 7158 1.352997e-01 1.458205e+00  7.872437825374918248e+02  7.887308152676243935e+02  7.889661924227839336e+02  7.893825546205824821e+02
435 7396 1.213335e-01 1.462752e+00  7.872437825374918248e+02  7.883329090398301560e+02  7.887106202137380251e+02  7.902708348498783835e+02
449 7634 1.109189e-01 1.470516e+00  7.872437825374918248e+02  7.881702595967462912e+02  7.884870102713847473e+02  7.887951108736832566e+02
463 7872 1.049475e-01 1.475638e+00  7.872437825374918248e+02  7.878112711696740007e+02  7.881502119701292486e+02  7.885839859135352299e+02
477 8110 1.003868e-01 1.483642e+00  7.872437825374918248e+02  7.878858978682620773e+02  7.881214600468116487e+02  7.883812705534041925e+02
491 8348 9.590528e-02 1.508569e+00  7.872437825374918248e+02  7.878158929107687527e+02  7.879706686939950941e+02  7.885697435514339304e+02
505 8586 9.398173e-02 1.535106e+00  7.872437825374918248e+02  7.877004715677583135e+02  7.879564360530973772e+02  7.885403226153030118e+02
519 8824 8.807057e-02 1.551361e+00  7.872437825374918248e+02  7.876746781419724357e+02  7.878446451503991739e+02  7.881208870608411416e+02
533 9062 7.594536e-02 1.556266e+00  7.872437825374918248e+02  7.875749762659997941e+02  7.877988665700712545e+02  7.881259325400912985e+02
547 9300 7.069869e-02 1.562402e+00  7.872437825374918248e+02  7.874995432747662107e+02  7.876889771065252717e+02  7.882906092061969048e+02
561 9538 6.822968e-02 1.569960e+00  7.872437825374918248e+02  7.873664323528761315e+02  7.874885565965810201e+02  7.876865430325904072e+02
575 9776 6.987070e-02 1.596784e+00  7.872221967228504127e+02  7.872709082322883205e+02  7.874550450691790502e+02  7.876478352441783954e+02
589 10014 7.333231e-02 1.641827e+00  7.871602876480842497e+02  7.873641283521717469e+02  7.875520739219740562e+02  7.882779343818048119e+02
603 10252 6.670852e-02 1.679903e+00  7.871548794920032606e+02  7.871877295173896982e+02  7.874590749304472865e+02  7.878705987831006041e+02
617 10490 6.319384e-02 1.700962e+00  7.870775011373696088e+02  7.871619439077288689e+02  7.873423711430906451e+02  7.876704466638290114e+02
631 10728 6.000742e-02 1.717103e+00  7.870591384698773254e+02  7.871323276503917441e+02  7.872621411546156196e+02  7.874411762084164366e+02
645 10966 5.880327e-02 1.725834e+00  7.870030734425213268e+02  7.870030734425213268e+02  7.871650374874398040e+02  7.874471200178852541e+02
659 11204 5.417212e-02 1.735417e+00  7.868312117794654341e+02  7.869815182803315565e+02  7.871276159887792119e+02  7.873849720313269245e+02
673 11442 4.910676e-02 1.741864e+00  7.868312117794654341e+02  7.869152928912689049e+02  7.870597626045191646e+02  7.873867432717260044e+02
687 11680 4.425492e-02 1.752748e+00  7.867962076806702498e+02  7.868705684563494742e+02  7.869566282830044202e+02  7.872134784616312118e+02
701 11918 4.532823e-02 1.762535e+00  7.867882097622277797e+02  7.867920602464265585e+02  7.869398133512157756e+02  7.871515034042323578e+02
715 12156 4.720026e-02 1.771428e+00  7.867826855329446971e+02  7.869142779717105896e+02  7.870934027856860666e+02  7.874303500499784150e+02
729 12394 4.540019e-02 1.781201e+00  7.867599715680710233e+02  7.868272730332920446e+02  7.869094652136460581e+02  7.870402838935876844e+02
743 12632 4.541228e-02 1.791825e+00  7.867338135250918185e+02  7.868398318862506358e+02  7.869721394644700467e+02  7.872236776350064247e+02
757 12870 4.302402e-02 1.795919e+00  7.867338135250918185e+02  7.867806116151394917e+02  7.868294664076220215e+02  7.869553002875268248e+02
771 13108 3.989179e-02 1.802255e+00  7.866290910855393577e+02  7.866391128058518234e+02  7.867520055905514482e+02  7.869256116625554114e+02
785 13346 3.662417e-02 1.820132e+00  7.865700934575982046e+02  7.865938622305167200e+02  7.866366388261907332e+02  7.868696180652680141e+02
799 13584 3.351915e-02 1.838633e+00  7.865466749815055891e+02  7.865565238632024148e+02  7.866723624341733512e+02  7.869023630572769434e+02
813 13822 3.099105e-02 1.859276e+00  7.864894749296216787e+02  7.864912631811124584e+02  7.865879445989596661e+02  7.866845705294008440e+02
827 14060 3.033947e-02 1.899391e+00  7.864211767062049603e+02  7.864678759303237712e+02  7.865375201583582339e+02  7.867221899278317778e+02
841 14298 2.894542e-02 1.950444e+00  7.864032354980628270e+02  7.864032354980628270e+02  7.864837866197181029e+02  7.865848112330152162e+02
855 14536 2.964715e-02 2.042251e+00  7.863571197739457830e+02  7.863963325068186805e+02  7.865098359293749581e+02  7.866600683133834764e+02
869 14774 2.867314e-02 2.105403e+00  7.863370470955671863e+02  7.863502941978490526e+02  7.863935694236580503e+02  7.865491154865001135e+02
883 15012 2.866811e-02 2.171354e+00  7.862871271344297384e+02  7.863354046215722519e+02  7.863965874685300150e+02  7.866160358409025548e+02
897 15250 2.771665e-02 2.213741e+00  7.862651261477915341e+02  7.863089611093223539e+02  7.864071003231180157e+02  7.865616474446721895e+02
911 15488 2.678875e-02 2.261006e+00  7.862283272141846737e+02  7.862529299302179879e+02  7.863207965093695293e+02  7.864078257217846613e+02
925 15726 2.419303e-02 2.291625e+00  7.862016044825082872e+02  7.862016044825082872e+02  7.862857196959720341e+02  7.864501729984148142e+02
939 15964 2.246834e-02 2.344744e+00  7.861512338489314971e+02  7.861893052043593570e+02  7.862452833187101078e+02  7.863382991470189154e+02
953 16202 2.182069e-02 2.396073e+00  7.861426730957041400e+02  7.861686242959558513e+02  7.862262753655274992e+02  7.862907646812025177e+02
967 16440 2.197273e-02 2.431005e+00  7.861392869926287403e+02  7.861683053545534676e+02  7.862028878423535616e+02  7.863629788381343815e+02
981 16678 2.081293e-02 2.448204e+00  7.861216068159870929e+02  7.861216068159870929e+02  7.862139643685693500e+02  7.862934468795051544e+02
995 16916 1.912217e-02 2.467810e+00  7.861130958920214198e+02  7.861205885552328709e+02  7.861864004148176264e+02  7.863210823468069748e+02
1009 17154 1.805817e-02 2.491048e+00  7.860871495305799499e+02  7.860871495305799499e+02  7.861473003981145666e+02  7.862102326597519095e+02
1023 17392 1.721211e-02 2.523101e+00  7.860651709605415363e+02  7.860704831085064370e+02  7.861154327135483300e+02  7.861631155205209325e+02
1037 17630 1.710603e-02 2.565837e+00  7.860278676343025381e+02  7.860539998274942945e+02  7.860977405931159865e+02  7.861740083148765734e+02
1051 17868 1.595102e-02 2.599229e+00  7.860100770232628520e+02  7.860108769245256326e+02  7.860441157766227889e+02  7.861485006519253602e+02
1065 18106 1.555182e-02 2.649408e+00  7.859866229597867004e+02  7.859904756385901692e+02  7.860240479588838980e+02  7.860820195802260741e+02
1079 18344 1.549267e-02 2.722961e+00  7.859536521273162180e+02  7.859564842758613850e+02  7.860047115000859321e+02  7.861020760303053976e+02
1093 18582 1.690987e-02 2.780995e+00  7.859462266204047864e+02  7.859532966676232490e+02  7.859892899347557886e+02  7.860637396615325088e+02
1107 18820 1.546797e-02 2.807284e+00  7.859271759215653219e+02  7.859416496192507111e+02  7.859726766876615329e+02  7.860315148503141245e+02
1121 19058 1.426006e-02 2.835403e+00  7.859222430202451051e+02  7.859222430202451051e+02  7.859658662236975033e+02  7.860221263820409376e+02
1135 19296 1.388105e-02 2.901594e+00  7.858865341977532353e+02  7.858962308251004742e+02  7.859157126319241797e+02  7.860182181987463537e+02
1149 19534 1.386498e-02 2.980086e+00  7.858553404121894346e+02  7.858862728849539963e+02  7.859184442846783440e+02  7.859816831673310844e+02
1163 19772 1.374876e-02 3.070563e+00  7.858358029612859355e+02  7.858358029612859355e+02  7.859102618366983961e+02  7.859800089861344077e+02
1177 20010 1.275346e-02 3.130203e+00  7.858207604365200041e+02  7.858279041394706610e+02  7.858538767908626141e+02  7.858905229708032039e+02
1191 20248 1.175544e-02 3.200161e+00  7.858074613677461002e+02  7.858146229821915085e+02  7.858357471777549108e+02  7.859591345452849964e+02
1205 20486 1.106468e-02 3.264323e+00  7.857743781558400542e+02  7.857916813503081812e+02  7.858048183103920792e+02  7.858240240826688705e+02
1219 20724 1.023929e-02 3.293408e+00  7.857742368028561941e+02  7.857887985961697268e+02  7.858059667256304692e+02  7.858313700693295232e+02
1233 20962 9.613968e-03 3.361410e+00  7.857610231103105889e+02  7.857624521005897122e+02  7.857882257094609031e+02  7.858206147072229442e+02
1247 21200 1.007042e-02 3.491807e+00  7.857253595875768042e+02  7.857257815783159458e+02  7.857536395274308916e+02  7.858234661510949763e+02
1261 21438 1.053948e-02 3.594295e+00  7.857220108699889352e+02  7.857259683286184782e+02  7.857546376413455391e+02  7.858287833617595197e+02
1275 21676 1.056090e-02 3.699225e+00  7.857027479901889819e+02  7.857120123078852885e+02  7.857523123660189412e+02  7.857868505784176705e+02
1289 21914 1.056648e-02 3.806448e+00  7.856852728292292340e+02  7.856880548421336243e+02  7.857120409561731549e+02  7.857685967879474447e+02
1303 22152 1.063150e-02 3.930597e+00  7.856668895094803702e+02  7.856668895094803702e+02  7.857094088117059982e+02  7.857426732643662035e+02
1317 22390 1.064049e-02 4.044665e+00  7.856438888230295561e+02  7.856556327678529215e+02  7.856709834527962357e+02  7.857327202269748341e+02
1331 22628 1.099492e-02 4.130928e+00  7.856269152143338488e+02  7.856269152143338488e+02  7.856636534511021637e+02  7.857556818512732661e+02
1345 22866 1.024638e-02 4.184820e+00  7.856192906568523995e+02  7.856251770066899098e+02  7.856609550688810941e+02  7.856780830110476472e+02
1359 23104 1.016364e-02 4.236498e+00  7.856063147784856255e+02  7.856296522721055453e+02  7.856533393044933291e+02  7.857071771023959172e+02
1373 23342 1.004429e-02 4.251978e+00  7.856063147784856255e+02  7.856199394923824002e+02  7.856420674283288008e+02  7.856822927532238054e+02
1387 23580 9.376638e-03 4.265215e+00  7.856013700275514111e+02  7.856056949387677832e+02  7.856417083608085932e+02  7.856698228425528896e+02
1401 23818 8.782225e-03 4.275121e+00  7.855934431290413613e+02  7.856050132969933202e+02  7.856149194320408924e+02  7.856537604992231536e+02
1415 24056 8.640280e-03 4.286123e+00  7.855934431290413613e+02  7.856100693426657244e+02  7.856341838854046955e+02  7.856501065197192020e+02
1429 24294 8.106019e-03 4.299046e+00  7.855844400172317137e+02  7.855844400172317137e+02  7.856150681080716822e+02  7.856421075321991339e+02
1443 24532 7.515880e-03 4.308174e+00  7.855821120595486491e+02  7.855935584984921434e+02  7.856091522367431708e+02  7.856267745096278077e+02
1457 24770 7.130474e-03 4.327233e+00  7.855752241712796149e+02  7.855752241712796149e+02  7.856006256026380470e+02  7.856129997584796456e+02
1471 25008 6.337692e-03 4.347789e+00  7.855698641473929911e+02  7.855720460668921987e+02  7.855972521160394990e+02  7.856211534788172912e+02
1485 25246 5.750056e-03 4.361531e+00  7.855664394269538207e+02  7.855685703462947913e+02  7.855820629915954214e+02  7.856030281942888678e+02
1499 25484 5.229712e-03 4.381301e+00  7.855605397412518869e+02  7.855615907825863360e+02  7.855787770947517856e+02  7.856107229893418662e+02
1513 25722 4.998865e-03 4.395433e+00  7.855552881204731648e+02  7.855602341373544277e+02  7.855723529050194429e+02  7.855805442182420393e+02
1527 25960 4.789169e-03 4.410772e+00  7.855481015570818499e+02  7.855508226206866311e+02  7.855601960937744934e+02  7.855755512379720358e+02
1541 26198 4.583786e-03 4.430646e+00  7.855438651896658939e+02  7.855438651896658939e+02  7.855595524850974698e+02  7.855663103104213860e+02
1555 26436 4.593062e-03 4.453352e+00  7.855401534035090663e+02  7.855401534035090663e+02  7.855549779785133069e+02  7.855902971994061090e+02
1569 26674 4.565090e-03 4.470782e+00  7.855371442154126953e+02  7.855424536016977299e+02  7.855532759013811983e+02  7.855611588353798425e+02
1583 26912 4.336251e-03 4.480004e+00  7.855371442154126953e+02  7.855397690104709909e+02  7.855531987899007618e+02  7.855630667282606510e+02
1597 27150 4.281377e-03 4.491651e+00  7.855367936962551312e+02  7.855389017983193298e+02  7.855507434258013291e+02  7.855651127333565000e+02
1611 27388 4.069991e-03 4.504065e+00  7.855320093750605110e+02  7.855323850299575952e+02  7.855454760198875874e+02  7.855639648370021177e+02
1625 27626 3.887055e-03 4.531477e+00  7.855229332810909000e+02  7.855243162841752564e+02  7.855364652567983512e+02  7.855480079711065855e+02
1639 27864 4.040252e-03 4.567097e+00  7.855215096955935223e+02  7.855231559480005217e+02  7.855332248176142684e+02  7.855490702252064921e+02
1653 28102 4.564915e-03 4.602765e+00  7.855136173445795293e+02  7.855184192605463522e+02  7.855270364635310898e+02  7.855460393213227235e+02
1667 28340 4.591570e-03 4.648209e+00  7.855088234589807143e+02  7.855118668537361373e+02  7.855248636407920912e+02  7.855434976022129376e+02
1681 28578 4.469131e-03 4.686746e+00  7.855048236371834491e+02  7.855055942036744909e+02  7.855159874860303262e+02  7.855262391641920203e+02
1695 28816 4.349200e-03 4.754871e+00  7.855042980137703807e+02  7.855058112293343129e+02  7.855171681375736625e+02  7.855259591111502004e+02
1709 29054 4.032180e-03 4.799040e+00  7.854951250568783507e+02  7.854972064171563488e+02  7.855049629547634140e+02  7.855289560068338233e+02
1723 29292 4.100141e-03 4.837782e+00  7.854912663531704311e+02  7.854913820379242679e+02  7.855020142346595549e+02  7.855291985812882558e+02
1737 29530 3.861617e-03 4.893704e+00  7.854849631582185339e+02  7.854906354606821424e+02  7.855008030548119677e+02  7.855159192115547739e+02
1751 29768 3.845570e-03 4.942444e+00  7.854818221467990043e+02  7.854818221467990043e+02  7.854990220610369533e+02  7.855103841184585463e+02
1765 30006 3.905951e-03 4.996493e+00  7.854731211401347082e+02  7.854795130651903037e+02  7.854869325599370313e+02  7.855152455021582227e+02
1779 30244 4.026453e-03 5.102900e+00  7.854671655046432761e+02  7.854671655046432761e+02  7.854812586837706476e+02  7.854950478119642412e+02
1793 30482 3.890674e-03 5.232196e+00  7.854626387062716049e+02  7.854646406766576092e+02  7.854736750951882414e+02  7.854885285773591477e+02
1807 30720 3.701186e-03 5.316012e+00  7.854576524387415475e+02  7.854627648650886158e+02  7.854722680627660338e+02  7.854803627196628213e+02
1821 30958 3.488248e-03 5.410211e+00  7.854543081188394353e+02  7.854551795941966930e+02  7.854627011451992757e+02  7.854730807410372790e+02
1835 31196 3.462615e-03 5.491412e+00  7.854481901935952237e+02  7.854516139691332910e+02  7.854603293427898052e+02  7.854741695155416892e+02
1849 31434 3.628086e-03 5.609558e+00  7.854400674619216716e+02  7.854455922879492391e+02  7.854511522010247973e+02  7.854626984625890600e+02
1863 31672 3.522448e-03 5.762602e+00  7.854322094411871831e+02  7.854404859055983934e+02  7.854442493810951191e+02  7.854543168121469989e+02
1877 31910 3.546272e-03 5.956575e+00  7.854290401059568012e+02  7.854290401059568012e+02  7.854421519152180053e+02  7.854599625213340914e+02
1891 32148 3.584845e-03 6.157555e+00  7.854208423315104710e+02  7.854244233942763458e+02  7.854313291103769643e+02  7.854456082793985843e+02
1905 32386 3.787226e-03 6.326310e+00  7.854138739194439722e+02  7.854138739194439722e+02  7.854264506277693272e+02  7.854393425306255949e+02
1919 32624 4.096168e-03 6.547937e+00  7.854077876697765532e+02  7.854152694024195398e+02  7.854219324159575990e+02  7.854315058270357213e+02
1933 32862 4.100543e-03 6.738790e+00  7.854028711426931295e+02  7.854058748753153623e+02  7.854143770090428234e+02  7.854313646932034771e+02
1947 33100 4.260339e-03 6.894962e+00  7.853977972790698914e+02  7.853991556043283708e+02  7.854141765122271863e+02  7.854261286299469020e+02
1961 33338 3.950571e-03 7.036046e+00  7.853917869912793321e+02  7.853947816432862510e+02  7.854043713398248201e+02  7.854187721699543090e+02
1975 33576 3.716151e-03 7.188126e+00  7.853856445699574351e+02  7.853896957215619068e+02  7.853956119059350840e+02  7.854186792544433047e+02
1989 33814 3.670082e-03 7.292951e+00  7.853821523527243471e+02  7.853844393554539920e+02  7.853933033647610955e+02  7.854080063408638352e+02
2000 34001 3.473664e-03 7.369491e+00  7.853781575426957033e+02  7.853834988684341170e+02  7.853892382549331614e+02  7.853969157042436109e+02
